0.345458984375
0.8733062744140625
0.84039306640625
0.5524444580078125
0.7889404296875
0.8658599853515625
0.58563232421875
0.9346466064453125
0.40625
0.7236480712890625
0.45782470703125
0.7914581298828125
0.2286376953125
0.0404205322265625
0.73822021484375
0.4666290283203125
0.787353515625
0.9099273681640625
0.20806884765625
0.8039093017578125
0.1136474609375
0.9259185791015625
0.14862060546875
0.1470489501953125
0.73876953125
0.1821441650390625
0.34112548828125
0.3397979736328125
0.6939697265625
0.2723541259765625
0.06683349609375
0.7259063720703125
0.510498046875
0.2902984619140625
0.10699462890625
0.1491241455078125
0.2196044921875
0.8297271728515625
0.74285888671875
0.9532012939453125
0.3525390625
0.9843902587890625
0.75567626953125
0.9818878173828125
0.9405517578125
0.3480377197265625
0.42669677734375
0.5789337158203125
0.514892578125
0.0144195556640625
0.53717041015625
0.5880889892578125
0.1068115234375
0.5772857666015625
0.36834716796875
0.3531036376953125
0.24755859375
0.1303863525390625
0.70147705078125
0.7177276611328125
0.9683837890625
0.2674713134765625
0.81781005859375
0.0257110595703125
0.800537109375
0.0822906494140625
0.49859619140625
0.1208038330078125
0.7752685546875
0.1685943603515625
0.02508544921875
0.3467559814453125
0.423828125
0.6201324462890625
0.17852783203125
0.5473175048828125
0.7774658203125
0.0306549072265625
0.24017333984375
0.0662384033203125
0.367431640625
0.4939117431640625
0.99127197265625
0.7472686767578125
0.2249755859375
0.6036529541015625
0.71307373046875
0.9341583251953125
0.88134765625
0.4536285400390625
0.18682861328125
0.4706573486328125
0.3677978515625
0.6375885009765625
0.69378662109375
0.7005157470703125
0.215576171875
0.2492828369140625
0.01519775390625
0.4674835205078125
0.4559326171875
0.8824615478515625
0.43231201171875
0.1153106689453125
0.6201171875
0.6308746337890625
0.72637939453125
0.4877471923828125
0.7393798828125
0.0882720947265625
0.17864990234375
0.9285430908203125
0.344970703125
0.3484039306640625
0.57037353515625
0.2814483642578125
0.4681396484375
0.0050201416015625
0.18280029296875
0.8902130126953125
0.64013671875
0.1518707275390625
0.79718017578125
0.5985870361328125
0.8922119140625
0.3827056884765625
0.69476318359375
0.7503204345703125
0.755615234375
0.7912750244140625
0.65679931640625
0.1891632080078125
0.2615966796875
0.9713287353515625
0.96453857421875
0.2588653564453125
0.94140625
0.0166168212890625
0.39923095703125
0.8031768798828125
0.8262939453125
0.5208892822265625
0.24212646484375
0.1658477783203125
0.447509765625
0.5778961181640625
0.27447509765625
0.1906280517578125
0.8363037109375
0.7813873291015625
0.77752685546875
0.2212677001953125
0.52392578125
0.2251129150390625
0.53253173828125
0.1015167236328125
0.5416259765625
0.5028228759765625
0.82073974609375
0.1751251220703125
0.420654296875
0.7082672119140625
0.42340087890625
0.2858428955078125
0.1922607421875
0.4351959228515625
0.62176513671875
0.7774200439453125
0.3876953125
0.7773590087890625
0.19708251953125
0.4936065673828125
0.0382080078125
0.3285064697265625
0.43060302734375
0.7781524658203125
0.675048828125
0.1823883056640625
0.10357666015625
0.4748077392578125
0.3294677734375
0.9327545166015625
0.49725341796875
0.9273223876953125
0.53271484375
0.6733551025390625
0.39288330078125
0.9794464111328125
0.3160400390625
0.9979400634765625
0.07171630859375
0.9749298095703125
0.210693359375
0.0002593994140625
0.31500244140625
0.7575225830078125
0.2479248046875
0.2740631103515625
0.40399169921875
0.6709747314453125
0.958984375
0.9131011962890625
0.11993408203125
0.5590362548828125
0.3751220703125
0.5111236572265625
0.74407958984375
0.7654571533203125
0.027587890625
0.1618804931640625
0.05767822265625
0.1339874267578125
0.9476318359375
0.4591217041015625
0.34197998046875
0.0083770751953125
0.66650390625
0.4965972900390625
0.37823486328125
0.2323760986328125
0.2154541015625
0.8680572509765625
0.44769287109375
0.1497344970703125
0.125732421875
0.6672515869140625
0.33160400390625
0.6042022705078125
0.4285888671875
0.4879302978515625
0.31121826171875
0.9395294189453125
0.6552734375
0.4238433837890625
0.16778564453125
0.9994659423828125
0.8370361328125
0.0687408447265625
0.18255615234375
0.1277618408203125
0.505126953125
0.5163726806640625
0.13677978515625
0.1681671142578125
0.6907958984375
0.3604888916015625
0.31170654296875
0.4644317626953125
0.92529296875
0.6948394775390625
0.48858642578125
0.8603057861328125
0.2398681640625
0.1131744384765625
0.94866943359375
0.6995391845703125
0.165771484375
0.7092437744140625
0.47320556640625
0.8258819580078125
0.7342529296875
0.0767974853515625
0.34344482421875
0.5830841064453125
0.4765625
0.3095855712890625
0.34063720703125
0.8148956298828125
0.4239501953125
0.0013580322265625
0.74603271484375
0.8650665283203125
0.107666015625
0.2458648681640625
0.34088134765625
0.5773468017578125
0.5589599609375
0.6368560791015625
0.40643310546875
0.2954864501953125
0.30908203125
0.2680816650390625
0.72393798828125
0.8632354736328125
0.3892822265625
0.7332916259765625
0.57464599609375
0.6243438720703125
0.330810546875
0.1262359619140625
0.73980712890625
0.4225616455078125
0.1649169921875
0.0406646728515625
0.50067138671875
0.6016387939453125
0.4228515625
0.5703277587890625
0.63848876953125
0.0053253173828125
0.1358642578125
0.3089752197265625
0.43450927734375
0.9773712158203125
0.835205078125
0.3503570556640625
0.66998291015625
0.3615264892578125
0.5521240234375
0.2882232666015625
0.62615966796875
0.5015411376953125
0.81787109375
0.2163238525390625
0.08428955078125
0.2411651611328125
0.6636962890625
0.7284088134765625
0.32562255859375
0.9241485595703125
0.620849609375
0.9182281494140625
0.13140869140625
0.3942413330078125
0.7205810546875
0.3795318603515625
0.78289794921875
0.9951934814453125
0.494140625
0.2060699462890625
0.06134033203125
0.5707550048828125
0.9727783203125
0.9915924072265625
0.24798583984375
0.4646759033203125
0.687744140625
0.8298492431640625
0.12408447265625
0.5207061767578125
0.6702880859375
0.3145904541015625
0.97088623046875
0.0825958251953125
0.45166015625
0.5395660400390625
0.56964111328125
0.9940948486328125
0.0631103515625
0.0985260009765625
0.20159912109375
0.5989532470703125
0.035888671875
0.0852203369140625
0.64801025390625
0.7409210205078125
0.4012451171875
0.0933990478515625
0.19012451171875
0.7637481689453125
0.6904296875
0.2168121337890625
0.60919189453125
0.5111846923828125
0.9346923828125
0.0492095947265625
0.18646240234375
0.3269805908203125
0.665283203125
0.6843414306640625
0.70318603515625
0.0548858642578125
0.9134521484375
0.7159576416015625
0.44061279296875
0.0386505126953125
0.21044921875
0.2378082275390625
0.17999267578125
0.1220245361328125
0.5875244140625
0.8436431884765625
0.20257568359375
0.6487579345703125
0.575927734375
0.6272125244140625
0.28961181640625
0.4626007080078125
0.2069091796875
0.1822662353515625
0.72235107421875
0.9073028564453125
0.01171875
0.6025543212890625
0.28204345703125
0.8266143798828125
0.0216064453125
0.4818267822265625
0.24993896484375
0.5642852783203125
0.767822265625
0.9138336181640625
0.40728759765625
0.9640655517578125
0.2816162109375
0.4923248291015625
0.03533935546875
0.3697052001953125
0.09423828125
0.3110504150390625
0.91534423828125
0.6249542236328125
0.2369384765625
0.9637603759765625
0.32855224609375
0.0735626220703125
0.240966796875
0.5442047119140625
0.05621337890625
0.5592803955078125
0.1375732421875
0.6461334228515625
0.37957763671875
0.4258575439453125
0.4580078125
0.3632965087890625
0.07989501953125
0.5170440673828125
0.2335205078125
0.2894439697265625
0.43841552734375
0.1765899658203125
0.995361328125
0.5183258056640625
0.23638916015625
0.2482452392578125
0.7747802734375
0.6436920166015625
0.75506591796875
0.0757598876953125
0.10302734375
0.7592926025390625
0.77569580078125
0.5028839111328125
0.0113525390625
0.4588775634765625
0.57952880859375
0.8733673095703125
0.031005859375
0.8361968994140625
0.94781494140625
0.0309600830078125
0.1932373046875
0.4850006103515625
0.16180419921875
0.3194122314453125
0.029296875
0.4990386962890625
0.00274658203125
0.5824737548828125
0.5704345703125
0.4720611572265625
0.75189208984375
0.1638946533203125
0.347900390625
0.4978179931640625
0.19049072265625
0.9074249267578125
0.3929443359375
0.1700592041015625
0.59979248046875
0.1568145751953125
0.23681640625
0.5825347900390625
0.76104736328125
0.7558135986328125
0.9107666015625
0.3289947509765625
0.95550537109375
0.0481719970703125
0.946044921875
0.5031890869140625
0.96441650390625
0.8776397705078125
0.3739013671875
0.6988677978515625
0.06903076171875
0.5879669189453125
0.7255859375
0.0097808837890625
0.05059814453125
0.0229034423828125
0.0323486328125
0.0296783447265625
0.19036865234375
0.5261993408203125
0.825439453125
0.8523101806640625
0.26959228515625
0.9416046142578125
0.1361083984375
0.0714263916015625
0.56951904296875
0.6128692626953125
0.49560546875
0.7807769775390625
0.87139892578125
0.3837432861328125
0.9351806640625
0.5741119384765625
0.45648193359375
0.5979766845703125
0.986083984375
0.5451812744140625
0.10601806640625
0.0993194580078125
0.6795654296875
0.2877349853515625
0.10125732421875
0.2315216064453125
0.546875
0.8955230712890625
0.22344970703125
0.8383331298828125
0.6192626953125
0.9622955322265625
0.75384521484375
0.2635040283203125
0.427978515625
0.5818023681640625
0.47369384765625
0.3507843017578125
0.0042724609375
0.3477935791015625
0.66424560546875
0.4439239501953125
0.87939453125
0.3540191650390625
0.10675048828125
0.3866729736328125
0.0845947265625
0.1942291259765625
0.08245849609375
0.5227813720703125
0.151123046875
0.9621734619140625
0.37261962890625
0.6959991455078125
0.1102294921875
0.2516021728515625
0.25848388671875
0.2500762939453125
0.4931640625
0.1562652587890625
0.52130126953125
0.0287628173828125
0.3311767578125
0.2699127197265625
0.44232177734375
0.3758087158203125
0.155517578125
0.6862945556640625
0.80279541015625
0.1349639892578125
0.9974365234375
0.9991607666015625
0.88397216796875
0.6499786376953125
0.38818359375
0.3022613525390625
0.46710205078125
0.7646026611328125
0.3590087890625
0.1893463134765625
0.83343505859375
0.8225860595703125
0.441162109375
0.7541656494140625
0.76422119140625
0.6676788330078125
0.6658935546875
0.5904693603515625
0.54071044921875
0.6436309814453125
0.564453125
0.7920074462890625
0.94415283203125
0.5941925048828125
0.1680908203125
0.9525299072265625
0.25579833984375
0.8631134033203125
0.008056640625
0.1657867431640625
0.25689697265625
0.2941436767578125
0.1156005859375
0.0255279541015625
0.22869873046875
0.2310333251953125
0.02197265625
0.6255035400390625
0.95245361328125
0.5175323486328125
0.7584228515625
0.5594635009765625
0.70941162109375
0.4973907470703125
0.856201171875
0.9211578369140625
0.28082275390625
0.0143585205078125
0.3465576171875
0.3043365478515625
0.94793701171875
0.4121856689453125
0.7607421875
0.8027496337890625
0.49200439453125
0.5346221923828125
0.1300048828125
0.0101470947265625
0.19427490234375
0.7254180908203125
0.985595703125
0.0202789306640625
0.83599853515625
0.8283233642578125
0.3587646484375
0.4268951416015625
0.69842529296875
0.1870880126953125
0.78076171875
0.3237457275390625
0.56280517578125
0.6454620361328125
0.2828369140625
0.3045806884765625
0.71038818359375
0.5471954345703125
0.396240234375
0.4631500244140625
0.92242431640625
0.7360382080078125
0.1522216796875
0.3932037353515625
0.48016357421875
0.5557403564453125
0.08203125
0.1884918212890625
0.16485595703125
0.8500518798828125
0.2169189453125
0.4427642822265625
0.25775146484375
0.9627227783203125
0.088134765625
0.2497711181640625
0.54010009765625
0.7375030517578125
0.7269287109375
0.2032623291015625
0.29315185546875
0.5181427001953125
0.66455078125
0.3969879150390625
0.29815673828125
0.1483917236328125
0.9322509765625
0.4246978759765625
0.83636474609375
0.9720001220703125
0.061279296875
0.3801422119140625
0.68902587890625
0.8327178955078125
0.0828857421875
0.8570709228515625
0.13739013671875
0.0742950439453125
0.5283203125
0.9492340087890625
0.96270751953125
0.5404815673828125
0.4288330078125
0.2503814697265625
0.44622802734375
0.5750274658203125
0.315673828125
0.8542633056640625
0.36920166015625
0.0216827392578125
0.2200927734375
0.3546295166015625
0.01287841796875
0.2241973876953125
0.67333984375
0.8452301025390625
0.15850830078125
0.0263214111328125
0.7066650390625
0.9198150634765625
0.08734130859375
0.7718048095703125
0.851318359375
0.6721343994140625
0.58062744140625
0.3043975830078125
0.1385498046875
0.6959381103515625
0.91961669921875
0.9678497314453125
0.099609375
0.0849761962890625
0.88555908203125
0.6059112548828125
0.7657470703125
0.4329986572265625
0.75970458984375
0.5623321533203125
0.668212890625
0.8337554931640625
0.32330322265625
0.6808624267578125
0.8382568359375
0.8809967041015625
0.85760498046875
0.3052520751953125
0.80712890625
0.6684722900390625
0.14385986328125
0.2792510986328125
0.6060791015625
0.7899322509765625
0.46331787109375
0.9466094970703125
0.766357421875
0.3391265869140625
0.59722900390625
0.1510772705078125
0.3192138671875
0.9098052978515625
0.82684326171875
0.2364044189453125
0.7958984375
0.5957183837890625
0.93341064453125
0.0463409423828125
0.2276611328125
0.9906158447265625
0.19818115234375
0.9246368408203125
0.145751953125
0.1882476806640625
0.40240478515625
0.7150421142578125
0.5814208984375
0.7823638916015625
0.82733154296875
0.7613067626953125
0.06591796875
0.8667144775390625
0.25421142578125
0.9071807861328125
0.6304931640625
0.0350494384765625
0.96429443359375
0.4964141845703125
0.806396484375
0.3811187744140625
0.73883056640625
0.3727569580078125
0.6248779296875
0.4986724853515625
0.85906982421875
0.8799591064453125
0.6171875
0.4814605712890625
0.10626220703125
0.8617706298828125
0.8145751953125
0.9232330322265625
0.76165771484375
0.6619415283203125
0.748291015625
0.9177398681640625
0.60650634765625
0.1242218017578125
0.4495849609375
0.0587310791015625
0.92205810546875
0.5923614501953125
0.44970703125
0.4399566650390625
0.48956298828125
0.9101104736328125
0.7799072265625
0.6551666259765625
0.59027099609375
0.4212188720703125
0.971435546875
0.7981109619140625
0.00543212890625
0.9694366455078125
0.0555419921875
0.4625396728515625
0.01629638671875
0.8985137939453125
0.5634765625
0.7422027587890625
0.40411376953125
0.0522003173828125
0.5264892578125
0.2308502197265625
0.45013427734375
0.7742462158203125
0.475830078125
0.0222320556640625
0.93560791015625
0.9084014892578125
0.4427490234375
0.7100982666015625
0.14178466796875
0.7984161376953125
0.95849609375
0.3881988525390625
0.84991455078125
0.2880401611328125
0.0543212890625
0.6502838134765625
0.34124755859375
0.7210235595703125
0.261474609375
0.5901031494140625
0.39703369140625
0.9411163330078125
0.6112060546875
0.8014068603515625
0.29852294921875
0.2920684814453125
0.634765625
0.3779449462890625
0.82696533203125
0.6176300048828125
0.3634033203125
0.9134674072265625
0.26361083984375
0.2615509033203125
0.328369140625
0.5017242431640625
0.38970947265625
0.0675811767578125
0.5609130859375
0.7364654541015625
0.48651123046875
0.3794708251953125
0.59228515625
0.7114410400390625
0.33526611328125
0.0409698486328125
0.4537353515625
0.0204010009765625
0.21722412109375
0.3958282470703125
0.676513671875
0.7570953369140625
0.91363525390625
0.2877960205078125
0.2918701171875
0.5152740478515625
0.70574951171875
0.0606231689453125
0.8310546875
0.3886871337890625
0.37481689453125
0.5580596923828125
0.3253173828125
0.9710845947265625
0.20208740234375
0.1238555908203125
0.305908203125
0.3562164306640625
0.96881103515625
0.6017608642578125
0.8040771484375
0.1378326416015625
0.95623779296875
0.3355255126953125
0.35107421875
0.4096832275390625
0.94561767578125
0.1688995361328125
0.9781494140625
0.7655181884765625
0.21820068359375
0.4456329345703125
0.216552734375
0.2990875244140625
0.55523681640625
0.0094757080078125
0.0975341796875
0.6041412353515625
0.23797607421875
0.2041778564453125
0.15234375
0.7744293212890625
0.04766845703125
0.8734893798828125
0.4122314453125
0.4037017822265625
0.26556396484375
0.3611602783203125
0.408447265625
0.5857086181640625
0.67291259765625
0.5109405517578125
0.1722412109375
0.9141998291015625
0.55096435546875
0.6665802001953125
0.23486328125
0.4829254150390625
0.68096923828125
0.6718292236328125
0.6275634765625
0.8856353759765625
0.34417724609375
0.8704376220703125
0.881591796875
0.2160797119140625
0.32183837890625
0.1061553955078125
0.0281982421875
0.0680084228515625
0.89520263671875
0.7227325439453125
0.5986328125
0.5351715087890625
0.84552001953125
0.5639190673828125
0.6241455078125
0.2113189697265625
0.45404052734375
0.9734649658203125
0.635986328125
0.1902008056640625
0.50201416015625
0.7951202392578125
0.6654052734375
0.0655670166015625
0.27069091796875
0.3726348876953125
0.24365234375
0.9311676025390625
0.54132080078125
0.5497589111328125
0.4019775390625
0.3807525634765625
0.59515380859375
0.6702423095703125
0.671630859375
0.5080718994140625
0.21343994140625
0.5778350830078125
0.0838623046875
0.9068756103515625
0.67742919921875
0.6162872314453125
0.169921875
0.6709136962890625
0.76837158203125
0.6293487548828125
0.9610595703125
0.3939361572265625
0.76751708984375
0.9607696533203125
0.988525390625
0.1696929931640625
0.45611572265625
0.4542999267578125
0.2835693359375
0.5919342041015625
0.11541748046875
0.4536895751953125
0.37744140625
0.7544097900390625
0.52667236328125
0.8026885986328125
0.3013916015625
0.2508697509765625
0.97113037109375
0.8450469970703125
0.586669921875
0.1750640869140625
0.23004150390625
0.4245147705078125
0.2645263671875
0.1207427978515625
0.58465576171875
0.8848419189453125