0.6414006161858726
0.5421892680969495
0.9931750662832721
0.8432521366869166
0.8117339283379406
0.3971737100780004
0.9370951079120425
0.6891026531658162
0.39711048852598374
0.35102519242304475
0.399603131718545
0.5455817482443385
0.207714227402927
0.6001575513874905
0.02368026428915737
0.6114014400894083
0.026211036291071466
0.6201559092323717
0.7396730770176362
0.31412119286874374
0.6791818847008364
0.5913588799814038
0.6342912312269344
0.08937040928097073
0.31275910418830544
0.669038070567849
0.0434793148499969
0.01535446273687302
0.6486249149564591
0.5580507670784419
0.02214863595174099
0.5202194549550928
0.4459020342458241
0.39797829173165955
0.7421654272510059
0.9356883094987457
0.26054460782153266
0.2451807086434803
0.7071606438534311
0.2256204788553109
0.2717540081441001
0.685180873334678
0.3461351803046414
0.7076945025239858
0.7411645625401523
0.18921301366829457
0.50068630932201
0.12930873304767576
0.7262219421299841
0.9093359807772748
0.5443954271480634
0.8245098703539608
0.4365506589887156
0.5199605554511534
0.20843922288977335
0.6393699444640283
0.13483825044400688
0.5467028128689936
0.9350788508620791
0.9444469113879339
0.3914754049043724
0.9160708899553138
0.8354530640684587
0.9334018027871465
0.48868803963690133
0.44658002226711235
0.5699565515028833
0.5933504572044332
0.3839476311168901
0.5040733566749224
0.7382071699851676
0.11258244908065884
0.7816135306144452
0.9188589155881173
0.44388305388406624
0.5073311998868851
0.6641389778783747
0.809415333314606
0.8344265127569394
0.2743336135516037
0.12787152838950389
0.5909354409533951
0.19488762063263
0.5468261592315946
0.34058008218444413
0.3066223887894336
0.2687310753897576
0.8513037466413766
0.19821545565649512
0.27816478753854834
0.6525462731106453